1765933 vqdyoq 56 6
158119 dbxnqd 30 6
1932169 ydjaee 23 9
567592 mtblca 35 0
427944 mscrno 36 6
750431 tlfpcu 34 5
841629 axozqe 60 9
1965620 wgglkh 19 5
875695 dhnzqa 49 6
1654184 prbwte 52 5
216783 afeqxt 56 3
1082011 tkweaz 10 0
284658 plohyx 25 8
460931 ojvbzl 95 0
411750 jaidbt 30 0
925557 ygdzcx 88 8
1117085 vwghwb 10 9
1595887 mbpksn 83 2
1984370 zgilui 96 2
1898585 kzwhae 19 0
43415 rcyxcs 68 5
1050470 utjmrm 55 2
1293993 ybsjni 95 5
1030705 qyfhys 41 6
1155644 psvnhn 29 0
386607 njzjyp 12 2
1813595 lnztrh 76 7
238776 bkakzx 70 6
1735694 lsuaux 7 4
1256079 qjxqai 63 7
1435107 jszgcb 28 1
80107 yyjymy 77 8
846520 yawpzs 31 1
726709 pqpsat 71 3
1004625 cagjgo 17 4
692743 zvhkox 45 3
830340 muzltt 78 0
1327809 oaqbth 53 8
665130 sdvmvk 1 4
172294 htzbfo 41 8
1465943 vltlws 43 1
262271 sgzsbj 12 2
83092 fdamjy 4 3
1371391 bduzsi 59 3
26358 dwjayl 54 4
623359 mppats 47 6
206049 ukotqi 14 7
491728 ahoaui 18 8
331975 nrtgpw 66 0
1564232 kurfvt 96 0
1464216 zbjetj 29 7
1479897 qlhoio 57 9
269580 tggjkm 16 2
1711606 ixndhe 83 0
551742 wwnslc 71 9
88717 nkrnea 32 8
334858 wqkmcv 63 2
392511 vkrrxu 92 2
762220 bilaww 76 2
1501517 fcecyn 25 8
433964 wbrakd 58 4
555821 jteiqr 37 8
1386625 blpaxy 78 6
1118797 dogqij 82 6
631261 hfmwto 97 3
1509805 czmcnr 88 1
1424527 eaeupr 38 1
323206 yogumm 96 8
1827071 gifmib 57 8
1499854 ypnjmb 74 1
314636 ihpfnb 54 9
1248983 tkfayi 51 2
1164213 fxzxgb 49 0
1560513 aotgeo 46 0
687163 wqrohd 85 1
606817 cuknvk 86 5
563802 gylffo 78 7
1473287 thlllf 88 3
1204785 ztftrn 69 0
1815168 eexmbc 42 3
1959585 cbrdao 69 2
1330760 lihblm 50 3
882794 yfykgl 96 8
1718917 yylksa 36 5
618304 ztvvjj 79 2
577707 pwlkpv 53 8
556269 ylsgeu 70 9
275762 pbcupq 43 5
951723 phqbmb 66 3
1144839 wwcofc 36 3
24347 ymlvhd 17 3
848150 tfnzff 5 9
135668 tyzmkj 91 0
345774 alelco 83 6
583407 eysjaj 95 2
801906 ntvdop 64 2
344073 lfzjzi 52 3
1233404 mfhief 66 2
798883 ywthzz 19 6
365729 quxuaq 6 3
1118292 bxeeyp 17 7
795941 auwqxp 94 4
1553547 tcjqgy 95 1
651077 hwxgjp 14 1
106306 fuyiph 23 7
1017280 euwmwx 43 6
984838 jlsalo 98 1
583939 idmnmk 43 8
194674 ltvdpj 35 5
1737292 qexisg 55 7
1536273 dnundt 24 6
913949 ivfklk 55 9
719106 vzdqyv 10 2
253770 jetyxz 41 8
1058980 elzosd 70 2
868322 xpjgam 42 7
160152 cmhrqo 42 1
743262 wazeiq 79 3
314007 siehvg 34 6
269517 mukdzi 14 0
1635411 pivytl 15 5
469960 pxgxjb 31 4
449734 qvqpxp 76 4
708600 derner 53 7
1613251 axfxqq 65 9
466341 vrvnpq 96 6
1490346 ldxdbq 78 7
1656346 hajihh 27 2
1159421 lyfqls 17 1
980840 jtgdjf 18 8
989629 dhbvec 51 2
1929173 nbagky 47 4
918184 bfxoat 47 8
1056917 hjcqya 34 5
979085 dyddvi 62 3
1988338 yapgcw 4 1
751135 fekxst 50 2
414749 tfmngl 94 6
1549491 gamaig 35 5
1685069 lzuddk 10 0
797031 ivbsyp 99 7
59239 ongtpk 41 1
1438310 kwtxsd 10 8
1615456 ejrklc 56 2
1807728 jwebaf 2 3
169308 jjtwcy 52 0
1026913 bmmogq 20 0
1132976 ilbhfs 99 3
1680494 oomhtl 43 3
1201007 zlkboy 44 5
588541 wgndrq 60 1
1958201 sltxle 52 2
336416 mktdjs 44 1
95187 pzwmdj 75 7
51000 yknqsl 97 0
913816 feazrs 34 4
737078 biazws 25 0
1030837 sfbuwb 48 5
1310720 kikgnh 43 9
32682 cwdqiq 58 0
31298 ncwepb 55 5
284298 tycfrs 83 0
93884 jedtid 80 3
1019472 palocy 33 1
1423967 imeugj 39 6
837891 oxixqu 53 9
1223393 xgqhsn 13 1
433941 fqovzr 82 3
378830 wkgwsk 73 3
7428 pminam 78 4
102439 mgxilz 40 3
1908664 fftorm 12 0
716241 myvjlt 79 4
1432431 mmdgxr 47 9
610242 pxpkrf 25 4
876016 ghxuvl 93 6
487065 regszu 65 7
1438146 moamtv 99 9
1612291 iyxdye 85 6
1905431 nvvrqj 69 2
398181 koiqog 84 9
1617693 hrvvyv 42 1
1893769 uiuatm 97 0
1253902 eqdfsy 44 7
1964359 ipitoj 53 7
486847 pnvmjh 91 1
1332696 pahvve 41 5
24642 mgmagb 90 1
1119170 jaopon 86 1
1640114 wltsms 99 3
1563533 nidvgx 72 6
78080 rvtmth 91 0
1367460 gmisrf 50 7
675149 qqmgmv 73 5
331422 dkpprg 19 8
952478 rlzvvq 63 0
1049330 yijiao 99 7
809537 qyfjen 69 4
239361 wxygby 18 5
718728 hvywfx 63 6
1981415 smccsc 64 4
1189611 zjlyqa 97 6
1352850 eqwbfz 75 1
66625 rsqqbk 85 7
1961545 mxbkyv 54 3
899228 nfkijz 67 4
447088 stvegf 19 4
1914803 bhihza 14 1
718915 vvyjda 28 2
1083761 gxzxrh 95 6
1472536 pytxsk 26 4
253137 dbdazz 75 7
1952193 nxoksy 29 6
860646 gdovbe 55 1
1987861 qponkr 2 1
1149224 labhny 56 0
894031 hxcrsd 29 6
400688 kuhlih 98 0
1743431 togvry 14 4
80349 ujbhek 61 1
291532 ftvvrv 42 1
808513 jrijcq 1 9
1259082 lybtie 44 8
68669 icoyzy 38 7
526373 wdvdbw 53 2
319216 nkgppd 29 7
1958236 fazuec 98 3
792021 safvlx 68 7
896580 aeylbg 25 6
1280497 pdlgkj 74 7
214871 rhbotj 1 8
437714 zmzwiw 15 0
136142 xlulaq 28 6
138833 lmavxc 93 7
446611 ummrpb 7 9
923476 bxerub 70 1
1755649 dhngtu 0 9
858469 ptecyb 50 0
1350134 vkezqm 12 2
451225 piknoy 65 7
1585609 osqvgf 12 7
967691 lwmfpo 53 6
276031 ufczws 24 7
1588188 kmgshy 40 1
1302076 sarrmj 72 6
1430247 ximgcp 72 1
318001 hisyge 24 7
327998 znxhqc 60 4
349766 vbwhqe 4 2
1590671 uikcdf 44 8
1996302 tkdnbh 41 7
403157 ezsygy 58 0
213562 huqcpi 74 1
1087216 ovtyid 98 9
143114 xtxuje 43 1
739731 flrizo 0 3
515443 nfhdim 72 6
419195 ivhnhv 51 7
378325 fgsrad 69 1
1531847 wloqdd 35 6
1490555 chkszc 47 4
1007073 pylzrs 99 3
1032 shoqcs 39 0
348984 kelfqi 31 0
1366505 vnddcb 97 5
1413754 khcpme 44 7
985314 jeeppj 71 8
1444792 luvceb 98 8
842716 ukjksq 93 7
656411 nckppz 92 9
1029913 iboyod 87 2
66923 uapije 81 5
1657098 mkddlt 99 7
235364 idtcdx 30 5
1349522 phrgbw 81 2
1458985 trxvqx 90 0
552539 qigglh 13 1
1306935 ypgbzd 14 6
1436774 wguamz 33 3
321898 ycxdxh 79 7
951158 qlfpfa 27 2
1583691 bfypac 7 8
74043 erhjhq 76 1
478091 cfnjkz 21 3
316683 kmripu 61 3
768475 nyfcij 28 9
1631751 oyvsrl 83 5
639766 ymglwg 40 0
133215 vlbgou 76 2
898888 ocqazi 73 7
1240117 biclin 13 5
1254700 mpiwqg 37 8
1846867 xckhxh 76 2
407146 rzdmhb 80 6
1987637 hyllzy 17 5
1936717 vqyjtr 29 5
1152596 ofdnjm 56 3
1746734 pvokmv 57 3
437747 usbphd 15 5
732674 ayytcb 16 5
1855613 zwmeub 29 9
1517066 wothxp 11 1
822760 fjcazf 68 7
1090842 xuufql 77 2
277733 jhoqer 31 0
865527 sinybm 47 4
1174279 vtmenf 63 7
1311941 xujvzc 3 0
1984199 jtzxrr 70 5
1327815 qpzwej 12 7
6016 itnxje 3 2
1968567 ltrlnd 37 0
869279 wywudk 53 8
1032084 kggebi 70 8
1610513 atharx 74 5
131393 idnsuu 38 8
1045234 ppknmp 82 9
207045 jzkswc 16 5
706791 mufeev 59 7
639879 tbjcnu 21 5
1653713 ldqlqd 88 6
1485560 duensd 4 4
1432921 etmavt 87 4
33619 bmdtyp 75 8
8695 ffmwkz 3 2
975691 zzaxtp 19 4
449733 bwlamh 94 1
1394300 kfpumm 41 8
278428 qyajeu 51 6
1877367 xpvbvp 17 6
1242139 anlehp 43 4
1302655 gwryfi 76 9
565350 lbzvla 86 3
722964 uhckqm 81 8
1087167 kbkpms 30 8
1683340 srgewk 49 0
1718186 blgqho 39 9
1766764 bzhnvd 47 9
1605465 svlcrl 86 6
1475852 pxgizo 95 9
410273 tjadxr 3 5
1237821 bgyxzk 72 6
643664 xaufqa 41 7
1735347 qipeky 3 3
1096869 gbhxnr 42 6
1260959 wycjen 77 0
94629 drlchf 36 4
1283211 fionzq 39 5
1648355 cnbyyc 4 1
326841 cpljki 99 2
672956 wbpoll 4 5
539300 etperu 97 5
1913665 qnagnq 77 7
1848309 yuxcsp 91 0
1313458 wpjjsi 30 3
1767375 hkjcxx 62 7
886481 oqwxvp 70 5
78603 siyxqy 92 5
73639 shnltc 58 2
425750 ncllrb 13 9
1936240 mvpxzq 43 8
1473120 dmlqzk 79 3
1500474 csbvtu 21 1
704932 gljtnz 67 4
447111 sjzzwy 28 1
1523410 sznddp 46 4
1913420 dkoaqn 5 0
496232 tcrjpw 48 5
363542 htywwo 17 9
232207 lxgryb 34 7
580591 rmtsaz 34 1
199762 vzxgud 69 2
221398 eibrjs 53 7
1196120 yqtghd 4 8
1937399 lafhzm 71 4
1788921 mmzgrf 69 0
472912 pjimpt 42 4
1032028 enyujl 11 1
305801 itozvo 67 7
1372090 cofkig 91 2
830128 redjpb 56 9
422693 ztqqlo 92 8
257300 tjncnc 76 8
587763 azfyzd 28 0
332971 rcajlc 55 1
146672 adwbbq 8 7
43187 bmapyc 43 8
1925028 usrinu 77 8
162281 uwwnqy 7 5
200533 nddgvb 29 4
1079323 yegukp 38 4
1464548 fnzcyu 87 4
1451098 psqulc 53 3
1080113 lzppqb 0 7
56799 zbrhmd 98 4
918780 ehggyp 47 3
836056 yqjgqj 14 2
47410 igitlt 32 1
395802 pftydw 7 4
1403113 kybdgz 20 1
862530 rzvxar 5 1
1020757 rvopkm 1 1
1442493 csbrev 72 1
1662998 rkxrms 92 4
1740283 ynpxne 15 5
551752 hkadjw 30 3
598949 lbrfdq 86 4
1306946 xgsnid 56 4
1818873 lxrvqi 97 9
1177529 xvnoyd 15 2
638448 rwtnez 30 8
1055693 wtowhq 1 4
977564 foxqrw 48 5
1764475 xgfjir 64 2
1427958 urltwl 60 3
387861 tordnj 34 8
1543429 fmubir 70 4
699358 gvmnjl 50 4
1713840 njyork 86 0
1375991 kgtdpy 51 1
109620 apwtsa 40 5
909014 fxhriz 9 7
69751 dxtqrd 20 9
671026 jlgtcd 81 2
1820529 xzaqwz 45 7
694446 mxycuv 15 4
1521515 qyfpwl 73 7
1072019 frjttm 46 4
364782 utptwo 64 8
1381136 ocluse 4 6
1658384 xsmdfz 38 6
1557159 fdctwo 88 7
868637 eeircq 7 2
1082837 xjlvhp 68 5
1028016 twdkgi 35 1
1130671 hycvri 26 8
1975707 zdxxej 31 4
498317 figtxx 9 4
1215974 yuvzkf 0 6
356849 ufikcf 31 6
1632711 oioowz 93 8
1217504 aqekqa 63 1
1343959 zsdfki 51 0
218076 airvcc 92 3
836339 vldoib 30 9
670670 dsmcon 15 6
1819244 reihss 81 8
1399950 xzlvti 73 8
548661 zuucro 35 6
267129 biwbtw 37 4
819782 tfhtzv 58 5
1497401 yzmlzs 66 1
1012459 lnuqrk 80 9
1379484 qclukk 30 9
1966189 tzstbz 14 7
1659358 fxklou 40 2
1213207 xynlpq 47 8
477525 jfjtmx 52 8
1945534 xgbczd 50 9
1081320 jjzvqd 34 2
1602063 omwyjw 92 3
282844 zfpaqi 22 7
354173 kexzut 13 5
1409258 obqyda 35 1
1048676 unlrxk 92 2
1729478 eqzaya 66 5
389392 tkygca 21 6
865142 fqtwtj 88 0
703252 pdwcbh 77 9
959960 gtubwd 32 6
286821 faiyzm 77 5
1410080 mgrxwe 2 0
107742 kvapuj 1 3
1192691 qjlxfm 40 7
1591846 zlfsok 75 6
183944 mdvvcs 85 7
1286044 cdvwpq 95 6
628718 dyxcek 99 7
223497 ghkrhx 82 6
911130 leniql 89 0
100745 xnvgpk 86 2
770231 xyurdi 73 9
396353 nbswov 40 7
1137881 tilphq 51 8
756325 gpxbsd 31 4
1281106 jxbudn 14 0
1300826 wdivsn 33 9
1530988 yguhgk 14 8
376859 vhzite 2 9
1172405 vlbqnm 56 9
1603074 sqtzkb 88 0
1735240 mzltjo 25 1
1761394 ogmcav 23 6
809621 zwramt 45 5
73613 eymqnd 18 4
109735 xphlmm 49 8
1058579 veovep 86 2
1449458 jqchaw 3 5
574732 hsjzfr 36 4
1235995 odakbt 3 0
350872 ctkpnx 2 6
550868 taurop 60 3
1391313 feldsg 39 6
1142570 ooepwe 34 4
615404 lpdhjk 26 3
1558672 hgzjbk 76 4
568776 rhecvy 85 3
1143621 joiwmu 39 6
1890986 gszham 29 9
1978122 jzwsnk 9 3
16545 weibfj 28 1
1862239 bmfudo 35 2
13006 fsyviw 59 3
1927021 nnovyr 23 6
1816121 jigczn 9 7
1700253 rnpuqw 20 5
1015568 wgeebl 85 8
1796908 repqjh 13 9
743532 rfzwxp 73 8
126351 jtxqns 43 2
1168131 vygslp 42 3
1201525 niibre 61 6
1801208 xzyzie 93 8
448653 fpqvle 25 1
665550 sxdsen 17 1
1702935 wilmsp 56 7
1391596 xdcqyd 20 2
362302 idqtup 76 8
450977 bqgcjm 85 2
4424 ayjxvd 62 8
872016 fvsjba 50 1
448861 fixpng 13 7
623551 rlowjy 87 9
536005 rrotbx 82 5
1384533 raeagy 84 4
906988 lzxuvw 23 4
1807268 hwjjan 97 5
1731873 xcnyem 34 0
416818 enlvwt 29 4
509719 xkghyu 63 7
498461 uhlcqt 33 9
586213 bienil 75 3
1959871 hlywlp 27 5
199384 ewlmif 2 5
1936807 jgztkd 19 8
1642747 lwkidp 37 8
605134 nmgctw 26 4
1280632 qdycfw 41 8
231514 zpzpzr 96 3
558916 uaaxos 34 2
1941391 tvkbxo 7 3
532241 idymsw 88 1
79366 ugseth 48 0
86210 govbra 87 2
1311706 omrldz 7 8
1525804 cnhctb 78 4
1753342 yznvli 88 9
634913 yhercg 83 9
574006 dblmbw 64 8
921973 qlyjwn 80 2
1775899 buigfs 98 3
1550605 dghovb 37 0
96603 lgozkl 82 1
1576259 qkbbul 90 8
765330 rwhvtl 34 6
1468638 tvvabv 39 9
1716739 xnudkq 26 9
1251185 pmatxd 4 5
589801 rxujmn 48 6
841259 erckyl 29 1
1975422 mulocw 32 4
112286 zasprw 81 7
617298 iyicuc 77 0
788144 cwdbpg 63 5
1813617 jcjnbq 23 2
1604111 maxiwj 73 1
1903569 tlgtbk 99 8
901258 fgzhfr 18 4
1696453 tnaryv 60 4
1760700 btgino 82 9
1807904 zgiica 46 5
362029 ewkmys 10 8
919842 ksubwr 49 8
1888440 ahoatq 23 9
1966007 vpovph 17 3
558785 hngsjq 7 9
1278116 gcaxvn 8 0
11439 qigpbx 57 4
1511299 gjhrzc 97 1
64239 jiygvn 44 0
1567852 zyisct 88 7
1146805 hwhslv 8 0
1953969 bgqnwq 67 9
1311415 ifanhl 84 1
1550932 vzwmgk 94 5
796958 drbedl 94 0
824345 nzohew 70 7
1736602 lmqcup 50 6
1890994 xmaqkl 13 9
1697093 lduhmn 26 9
229016 jfsyhl 3 9
1478720 xpwwtl 0 5
1684073 syfjur 8 8
1666716 sjhyrg 2 2
1442133 wnkfdu 88 1
849026 gdcyse 64 1
939760 hnzbnw 18 5
1175012 gqjelq 93 5
988072 kunwrf 24 7
514846 dhmesc 44 7
1078782 ablzjs 79 5
1343279 ihtyrr 62 3
1119732 ygcbxu 6 2
1208523 ijthnm 93 9
1401896 yzcbol 56 2
1330070 murgga 71 9
1345919 yuhfux 31 6
1473480 whsusv 10 4
1271810 zqcbqx 31 8
1711328 olppxx 23 8
1336940 lzjdnt 33 5
1934375 okkasa 12 0
876451 mahubi 14 1
1206853 brvthv 85 8
1027740 ayasfl 79 6
1872096 cifchq 85 0
20211 ntdnah 90 9
1644715 jlceix 83 9
663768 zzqiyr 26 1
449699 yrhnfx 53 0
279337 zwdvuy 92 2
602907 trcnew 25 4
1201729 svagar 49 4
979639 rijljw 76 8
270360 siigfw 46 7
1648152 wykqua 9 2
1527828 vvsnvm 82 3
433821 pgsdys 47 5
982704 klvdkw 27 3
13909 xsubke 59 2
475092 berova 67 5
1388755 pvqfpp 31 8
1148165 nqggrq 24 6
1037931 zbahqk 72 6
47255 nltlsc 81 4
1670607 qlxcjh 85 6
1614365 ocwhat 95 4
1332475 mcckwe 61 8
1838487 hekqbk 55 1
1487434 kysgqd 17 1
291069 lwoamq 77 0
1676701 pydpio 86 6
1600188 rxeqff 32 1
1723543 dgpkdv 62 3
598928 wtycmj 27 3
530563 zzhuth 33 9
1938657 ssigav 0 8
1395693 ssgfrr 22 0
1351281 tieimw 6 6
315433 baiszg 39 2
295157 dsiogl 29 6
963161 reptew 52 9
23146 fltqvs 37 7
1782464 kqmbih 5 7
1061160 dlqxfz 67 4
1424019 xwpawc 45 1
1346755 shhdzr 90 3
266174 arsyuk 54 3
1613371 usclae 50 2
629041 dfgpee 38 7
1115629 ikraya 72 1
224942 yhnoza 87 4
1149445 gbcvoj 10 2
877824 omhzmo 15 0
961662 zxbdsc 55 1
627962 ppanze 20 2
434972 ilwuab 67 0
803528 rxrnqe 38 8
585791 fbxkug 24 9
1256048 xbulrc 92 3
981642 ltuiok 52 9
1497654 eeoodl 87 1
1967145 lbcwjn 48 6
1832626 lieemc 30 5
944578 bzlnxz 54 2
110721 nvgxxn 59 9
1631132 oawdkc 66 7
1565465 nlaxih 19 7
646157 jyfixy 4 8
638261 ziqdkq 53 8
329849 thwsac 73 2
1271280 xulxum 81 7
593238 wrbyvy 83 5
1736278 pcgutj 67 5
1184771 zbsway 3 6
1952532 ikwbba 96 3
1033919 accbjp 91 9
812909 muapew 61 1
1616104 zypffb 86 6
1950381 ckrvfk 78 4
1584021 ysgrff 99 3
1117986 rzyeno 59 8
1130683 psmrfi 77 6
1259587 ubbeeu 46 2
1904050 toeavl 92 4
664675 qxplds 73 7
1533458 wfmkfn 39 3
1053288 qyreay 51 4
298752 heijkg 36 6
1947041 sxlqcq 85 8
252639 erfnxr 80 9
1605545 uzoupp 48 7
1728688 bqyldj 1 1
1037026 wkhjin 6 9
1799255 xsbuee 7 2
830121 egeyyk 64 9
1646842 isoozw 76 6
1860958 eduerl 18 6
418920 olpnlx 80 1
1022514 gnksrp 98 9
1474417 husndg 21 1
1108261 inspre 97 2
629264 dsvsxl 33 6
480007 oxvmdp 26 8
73017 pbxlgh 70 6
1891320 gqlcmu 65 5
431453 oiydyv 16 4
1201149 vnywmt 41 6
1495460 ofljum 74 6
1394641 uwzpkw 51 6
172531 kvciuc 49 6
290129 upzqoz 24 3
1634534 vokyss 17 8
881490 pvyfnm 7 1
1388946 uyrrtp 46 8
248613 gcmltv 13 7
990041 hfsmyd 54 0
79170 qoxhwl 80 0
1831265 ejqymm 80 8
997341 ssmuya 96 5
1564748 cqpgsl 22 4
1173417 xetbtc 95 8
816303 yacnda 55 0
564987 hxilby 53 1
1261743 wulaqe 14 2
871920 qhwacg 65 1
708540 uolobp 24 1
1781540 pcnzxs 85 9
626793 kqwqve 89 0
567208 zpkwot 73 6
1181030 qrwrve 71 6
1647027 vhwtul 92 5
1761764 vxvxbj 26 1
328549 jpnwbz 32 4
1257225 nuhhdq 85 4
137658 apfpzg 75 2
423640 vhfiqq 59 5
1950050 rudwfr 32 5
1066502 xeczxj 81 8
1677151 uhlvje 70 9
1435939 fdgzxj 60 9
101548 efavfm 61 7
685681 sywzpf 7 2
388537 ihsrhn 74 4
1452494 umiylg 36 4
241375 umttph 83 4
489052 rloojg 41 5
1899224 qzcssj 73 0
327865 tdbece 59 4
999957 rohtne 96 8
1799532 xmzght 81 0
962350 heedwf 10 2
767154 vutvnw 33 1
1806490 dzufhk 23 0
487565 ilztnd 32 7
1068119 abxars 87 6
563448 scdutp 65 8
1871664 vedtgf 3 5
1975590 xebriy 44 6
1946292 fwafji 81 2
1433344 gusjut 20 5
1146905 wcpxve 39 1
337500 zcyzdg 96 7
1038572 nyyawr 53 9
598781 zriimk 13 0
1555972 zqkuub 59 5
146160 ilotsp 97 0
121008 dvfwhu 17 4
1198852 iyiqjj 63 1
1671 bymuqu 16 0
507136 grybun 11 0
1379218 utwgni 3 5
1143089 unukbj 86 7
1264177 vvxzog 64 3
1875771 qghprc 80 2
1814250 pntzby 73 0
22819 bvkluq 4 0
1846388 mjjvet 62 1
1955203 lvgpvm 68 6
524552 oipxpy 4 7
782098 rnlmem 90 5
1946022 zfslly 71 0
323715 cqibck 5 5
1455223 afalzp 25 5
1205673 mlrcze 5 3
1271327 qjdtxc 51 5
263254 pzwzia 21 8
1655865 uewjaj 67 8
632001 oojhhw 96 7
1132302 blxeec 25 7
130342 tnekcy 7 6
1846698 issclr 88 3
465905 nwioll 90 4
1799927 pbfoid 59 6
1056509 ipbmjo 95 3
774611 ivcbyk 28 1
1052374 libpje 30 8
1381397 ujmwqm 39 8
1928054 fgvrjx 2 3
955262 zmrgsu 67 0
1204804 expcps 38 4
1769771 siunck 91 7
1838867 gbpeki 64 5
606166 yzwzjx 54 7
1715304 pdftkr 56 5
170938 xdogfz 10 2
377124 atfewp 78 5
1674937 fsodlo 17 9
1250638 tlmjeq 5 4
1321988 mtxqko 92 5
1928194 ceaxcu 69 8
1431503 nptojr 32 2
828441 mcnngg 36 0
1016439 rpqfct 24 1
1234604 ehegwn 55 8
942505 ysqqbr 10 3
580157 xikrrq 3 9
1312837 txjuin 2 2
1130623 mtnvky 63 1
322549 temgma 6 5
1723186 kfwljm 32 4
1749165 muboxa 93 1
534380 kbaark 30 9
1546403 gqezlb 60 6
1100132 koltrg 69 1
782497 fzmsfh 86 2
1712537 yqemwx 58 3
219581 baqlwp 76 9
309459 vviboq 49 2
97250 cmjtqg 11 5
266102 wyqkpt 27 2
963158 hikhpg 26 8
1150045 mwglxe 99 8
1352900 sxpasl 40 2
695024 rhgqfa 15 8
33658 awzmsd 38 2
1416354 norzia 95 1
146921 cevoss 51 7
1295843 tgcfbp 34 3
1171670 uthshc 2 7
759387 lcwtru 13 9
335115 cnwvxg 76 0
774625 obwhqq 83 3
1889837 hdmqpd 34 6
932679 wvuxvu 19 9
463316 sfjsgs 3 6
1124832 pvomdk 43 8
275027 wxvkla 48 5
1155690 mtmzgf 45 7
1664847 dllick 95 9
787597 prbhiq 34 0
1595876 iyoeas 89 8
193643 ndtfox 7 4
78106 mkdyfa 22 6
832342 wwupas 66 1
1350994 qtsuat 38 7
314409 gqhbkl 6 8
1420950 rnekrt 89 2
142987 vinrfm 20 9
251579 cezwlp 91 1
660106 zmzxjx 78 1
1826811 qjicgv 79 5
546474 jabbvt 19 3
1120992 wscwoh 18 2
996181 hkojcm 86 5
1993341 axosnr 65 5
1015386 htjkur 21 0
1732396 tokwij 31 3
1507946 pzplvj 86 8
1796658 gkxyni 17 5
954635 ixsreh 72 6
1798958 eoqamc 19 5
506185 yylrda 71 3
601732 jlfzwu 75 6
523272 gypxpz 63 9
1584401 cicizl 14 4
351500 dnsvax 90 9
1095933 hpnefj 71 8
378284 sfsqop 71 0
472602 sxruqn 47 7
448073 ibscle 52 2
937037 hrvleo 53 7
1161513 kgxpgu 70 1
797937 oldblf 36 5
1675971 gzlthi 60 7
1951908 xvxefs 9 2
740561 psllfi 23 8
1845260 noavco 20 1
1704662 ydkigl 62 2
950775 gaptol 54 4
1405676 nunrzt 15 0
982014 uiflhl 97 2
360628 mfdqyq 39 5
716106 dmrrxw 49 5
887459 taqqva 36 6
1639295 jggbnn 10 5
1020098 wpndkl 8 2
509955 vsfljd 95 4
163367 gpjxdn 39 7
748158 brorot 30 3
1953620 sbkdph 74 9
1958429 cmubfz 89 8
1186974 jstquc 77 4
1525097 toztws 11 1
1454311 vekjou 75 0
1115580 ltafxn 11 6
541319 gvdecg 44 7
1290277 aczkzq 54 0
983464 odeutq 86 8
1366392 lrpman 20 2
355860 pmswtz 28 0
1919074 ukbewo 29 7
1865143 kmsqnz 63 6
1100564 vjjckc 36 1
1500589 hsktgo 70 6
1282228 xwdode 28 3
669152 ngeghq 21 2
690071 xmzllh 18 2
1469941 shjwjp 22 6
825780 zqrpcv 22 8
1302288 xrifwo 71 2
1324401 zmkldw 27 0
1095531 lznssc 85 8
1003983 pmjflx 87 6
648464 qhmeuj 4 5
203613 uishur 57 4
850539 tttbfe 93 0
1933745 iojsoz 22 3
950661 lkvkvx 17 9
767068 gimjxe 64 4
1173993 omhdlt 27 2
1892323 gorqsi 89 0
325791 nuynrq 63 8
1046119 xllyrc 24 7
765055 dqsszd 92 9
712190 kmowgz 75 5
1538818 hsjnqp 94 2
861711 nzhrtx 87 8
1842154 hcvtzs 83 0
893329 zfpses 19 3
824881 swwbsy 39 1
769360 kkwgpq 96 8
648906 mflmtx 55 0
1089598 zsddrf 32 7
1843970 jhwenz 79 0
1383111 fuiznk 41 5
1967989 zqsesj 82 8
519925 nknpjk 52 8
593958 jsxvlj 99 4
663413 qplkwt 48 6
391651 zkpcms 90 6
637865 fezmzw 33 9
1140164 ncombm 85 3
696556 rcdtzj 97 4
1799316 wygnit 85 7
990141 riqwvj 95 2
1772649 xkhbnn 92 8
32024 ixtysa 26 9
818722 wsfata 6 6
1368989 yrmode 95 5
615843 spidpp 21 9
1686371 nrkonx 71 9
690807 vrodtu 1 1
1391845 kltspb 52 1
1851188 imukpj 66 2
1897123 elnfqq 99 5
776660 cnofuo 12 6
785448 gpdqpm 52 8
223501 kwyxoc 92 5
436001 ijynre 64 4
1525420 qfpnvh 22 4
1949721 bwhwdm 65 5
2947 afsedj 14 7
1112199 cbbick 68 5
1604353 pqnncm 41 5
237963 qjnrwb 40 3
1646142 jyfrmg 12 4
1527257 lqwlgv 87 3
1484723 cuntzd 12 3
628861 fxjdiw 58 9
