1765933 vqdyoq 56 6
158119 dbxnqd 30 6
1932169 ydjaee 23 9
567592 mtblca 35 0
427944 mscrno 36 6
750431 tlfpcu 34 5
841629 axozqe 60 9
1965620 wgglkh 19 5
875695 dhnzqa 49 6
1654184 prbwte 52 5
216783 afeqxt 56 3
1082011 tkweaz 10 0
284658 plohyx 25 8
460931 ojvbzl 95 0
411750 jaidbt 30 0
925557 ygdzcx 88 8
1117085 vwghwb 10 9
1595887 mbpksn 83 2
1984370 zgilui 96 2
1898585 kzwhae 19 0
43415 rcyxcs 68 5
1050470 utjmrm 55 2
1293993 ybsjni 95 5
1030705 qyfhys 41 6
1155644 psvnhn 29 0
386607 njzjyp 12 2
1813595 lnztrh 76 7
238776 bkakzx 70 6
1735694 lsuaux 7 4
1256079 qjxqai 63 7
1435107 jszgcb 28 1
80107 yyjymy 77 8
846520 yawpzs 31 1
726709 pqpsat 71 3
1004625 cagjgo 17 4
692743 zvhkox 45 3
830340 muzltt 78 0
1327809 oaqbth 53 8
665130 sdvmvk 1 4
172294 htzbfo 41 8
1465943 vltlws 43 1
262271 sgzsbj 12 2
83092 fdamjy 4 3
1371391 bduzsi 59 3
26358 dwjayl 54 4
623359 mppats 47 6
206049 ukotqi 14 7
491728 ahoaui 18 8
331975 nrtgpw 66 0
1564232 kurfvt 96 0
1464216 zbjetj 29 7
1479897 qlhoio 57 9
269580 tggjkm 16 2
1711606 ixndhe 83 0
551742 wwnslc 71 9
88717 nkrnea 32 8
334858 wqkmcv 63 2
392511 vkrrxu 92 2
762220 bilaww 76 2
1501517 fcecyn 25 8
433964 wbrakd 58 4
555821 jteiqr 37 8
1386625 blpaxy 78 6
1118797 dogqij 82 6
631261 hfmwto 97 3
1509805 czmcnr 88 1
1424527 eaeupr 38 1
323206 yogumm 96 8
1827071 gifmib 57 8
1499854 ypnjmb 74 1
314636 ihpfnb 54 9
1248983 tkfayi 51 2
1164213 fxzxgb 49 0
1560513 aotgeo 46 0
687163 wqrohd 85 1
606817 cuknvk 86 5
563802 gylffo 78 7
1473287 thlllf 88 3
1204785 ztftrn 69 0
1815168 eexmbc 42 3
1959585 cbrdao 69 2
1330760 lihblm 50 3
882794 yfykgl 96 8
1718917 yylksa 36 5
618304 ztvvjj 79 2
577707 pwlkpv 53 8
556269 ylsgeu 70 9
275762 pbcupq 43 5
951723 phqbmb 66 3
1144839 wwcofc 36 3
24347 ymlvhd 17 3
848150 tfnzff 5 9
135668 tyzmkj 91 0
345774 alelco 83 6
583407 eysjaj 95 2
801906 ntvdop 64 2
344073 lfzjzi 52 3
1233404 mfhief 66 2
798883 ywthzz 19 6
365729 quxuaq 6 3
