1765933 43
216262 29
669700 8
1349752 56
417256 19
1699711 51
1772843 5
1754108 93
1118330 66
1932169 32
1226917 47
937972 68
1206980 23
1638549 92
1488164 69
126551 27
516190 24
1040635 20
427944 10
269862 84
937363 1
1914710 36
1351876 31
579929 97
500675 91
224190 44
458134 25
841629 30
1252727 26
141743 34
1934104 60
629749 20
1230256 32
1035572 13
402490 9
127119 5
875695 49
430327 19
33497 24
1092596 49
1287356 84
1623093 45
581007 6
1426509 54
1580352 65
216783 38
1170801 90
1161330 37
1228195 56
95963 11
299427 42
1487106 68
1206212 1
1834510 80
284658 71
983331 14
1784847 64
1013197 25
1748438 31
1998018 87
1570151 87
409913 79
26995 50
411750 13
295562 34
1962273 47
1418521 30
1159140 57
1777678 26
938503 97
1320408 93
1213988 38
1117085 93
677188 20
483211 46
1332387 10
1079209 87
1858668 3
1123473 0
1207674 5
796183 52
1984370 87
1159302 10
21905 10
1305400 96
1950142 85
1191860 47
143924 31
321158 86
535219 0
43415 55
1481682 74
643061 6
283602 68
1689365 70
1136518 23
1376089 6
1694319 30
247655 32
1293993 74
1127595 10
1823673 55
508730 95
558245 5
1147694 48
559873 53
1934474 60
380741 56
1155644 43
1531640 37
1284679 35
901149 29
427210 7
1224417 55
953787 73
1707626 45
1884112 72
1813595 53
1055053 83
1161717 55
846017 76
1333077 76
1515399 54
1792728 2
1482161 55
1708870 16
1735694 81
757930 80
1126604 86
861359 7
41954 79
1373702 65
1274453 32
439836 32
1894563 17
1435107 83
814910 67
148116 46
551719 28
348071 7
1178256 20
1922353 28
1888154 30
873477 48
846520 4
483414 10
835719 25
258298 31
1011701 9
130751 22
1512817 52
1473924 95
1860471 53
1004625 78
1355616 42
346597 88
341732 17
1644404 43
1680395 49
1654407 36
1374302 67
1166045 63
830340 98
444896 51
287807 67
404997 78
80650 9
1562330 60
530716 61
1252293 9
1323753 98
665130 34
1534543 89
1574088 31
300692 1
1968674 94
1415693 65
1471949 65
257737 58
400841 48
1465943 29
490215 89
707209 88
59754 43
1213501 71
776516 64
650277 12
1410005 11
667212 82
83092 23
1159201 24
1334004 37
1352602 4
163363 91
14273 75
1749906 59
1506626 96
278859 63
26358 77
150484 47
1507156 48
23605 54
1016194 59
1113430 23
645883 24
1361447 2
1630847 76
206049 92
799588 4
909133 58
1894842 14
544567 28
318506 91
1987000 92
1051118 98
1951718 68
331975 79
1082119 63
1274596 79
507916 66
1343840 32
1816430 14
593155 71
1430311 79
840796 0
1464216 3
1201993 55
1063728 81
495905 29
1201037 97
441286 57
1491377 82
1789554 6
110757 29
269580 41
643866 52
1141933 60
8490 16
1874732 6
688114 85
1856647 27
859435 58
1819183 10
551742 74
730604 71
498872 5
610480 71
1426979 17
45481 80
423791 75
1083000 46
491832 68
334858 26
758178 66
219468 54
1603703 63
150922 11
720893 48
965957 31
382919 12
897092 32
762220 23
1848038 9
807452 22
321728 76
975152 17
1641423 2
1538704 36
379350 35
1817825 28
433964 26
844165 75
783404 64
476873 58
993624 21
358829 77
1992224 26
827604 51
105037 38
1386625 79
1990419 75
188688 97
506820 78
1037966 97
1827055 74
528228 2
1642676 79
580382 76
631261 27
1311491 82
1170074 61
1597342 97
87033 5
1482318 75
1558938 20
1260757 39
1313288 71
1424527 56
799868 64
592570 79
486267 38
1251411 6
1353746 78
1272970 10
285884 42
1104596 8
1827071 68
1659376 7
1783312 48
1266717 57
1156218 54
230990 53
25239 49
1508984 11
1033974 21
314636 28
1455785 93
1982267 43
1677531 54
1009139 83
464283 84
1179015 96
706088 34
1281651 22
1164213 89
1102625 85
761397 76
1780715 49
149840 13
1708888 22
727279 82
1951940 66
215546 0
687163 22
436278 45
1477236 57
677899 85
27271 17
1537992 32
849098 31
1919245 84
226186 35
563802 4
1411850 77
1641187 95
770292 78
747337 87
1234619 15
1210887 57
1584453 53
1989888 83
1204785 75
912089 9
1062353 95
1129097 69
590270 68
817238 98
1902483 44
858591 0
1314942 53
1959585 2
624189 45
17519 90
1092544 69
886342 60
1482697 0
740977 25
884083 78
744350 3
882794 80
585459 56
1509526 20
780975 96
868148 17
945608 26
1943845 82
636934 66
761036 45
618304 43
450025 55
1628369 59
14323 79
954182 7
1170739 56
1016123 18
1189335 97
1900753 8
556269 34
1019485 20
1090906 14
201680 70
1169279 62
717375 71
1745614 44
478063 26
1032043 75
951723 57
1826911 18
1044961 72
378811 66
14823 39
1325074 10
619802 22
1147145 22
1241236 33
24347 34
587278 11
1827009 13
1819437 17
1550213 50
26603 69
1858287 91
1836549 55
1232205 29
135668 29
355252 11
675250 70
603645 91
1403090 74
1483564 17
875958 53
1352816 74
1189783 16
583407 8
646894 56
974263 90
1506249 95
315882 6
119049 23
543449 53
742564 39
1648064 2
344073 43
911711 59
1506547 69
1620976 52
1548833 4
1349348 89
516265 10
1048302 97
1770466 22
798883 28
1522980 45
522095 17
225049 19
1198126 29
1750578 36
599183 74
1658048 38
1293906 13
1118292 91
1576219 90
1148016 48
887763 17
1528017 41
1404448 98
318386 22
551807 25
130694 24
1553547 83
142618 47
973890 38
1953564 95
1239541 77
640917 32
775615 10
1875725 85
1596914 71
106306 53
1823640 98
1967244 9
1793905 23
506577 80
1396580 68
1822158 70
1157396 51
1461943 66
984838 73
806731 52
1148034 81
87862 98
133201 39
1515998 11
1428884 73
1200258 16
1315143 78
194674 37
103029 15
1202571 67
1988557 35
1154455 92
108548 4
437291 64
555678 8
1991855 67
1536273 25
387401 26
1923565 87
1521299 24
3916 49
1799210 53
135523 58
638553 2
540155 59
719106 87
644357 3
1689882 84
961487 10
1405442 70
1479961 86
1950701 48
1637097 75
1760241 18
1058980 76
1756015 33
613354 94
1993355 70
1103892 22
38653 1
1183523 78
1980090 20
667042 67
160152 90
1072182 75
25059 92
673572 42
1742211 62
1617994 16
1848275 24
1982384 6
880779 73
314007 66
1394066 42
1801177 81
1364774 34
556786 17
1611292 98
1908348 57
31553 20
746014 20
1635411 5
97730 89
1756778 3
1667717 15
1060255 60
625505 53
911554 11
1639339 69
1318031 4
449734 86
1689035 16
174445 65
563327 76
1279134 0
1042579 2
771559 51
1119870 45
785153 47
1613251 18
11413 83
1906961 30
72220 65
1141779 41
431875 67
885243 47
1166257 20
1147196 16
1490346 87
1313447 1
965569 43
1362632 78
852547 46
1536635 64
819247 52
229109 95
1138227 2
1159421 13
1234890 17
493836 23
1066586 17
312251 40
1839727 31
370886 17
309225 47
933718 38
989629 25
50999 71
1262089 54
1928080 51
758932 73
738139 19
47210 90
395342 62
78547 54
918184 17
787097 17
700266 36
174215 47
683608 17
692265 61
762440 70
1645700 0
99134 35
979085 77
626430 81
374179 23
1605092 62
1045683 38
1808788 18
15375 56
891966 28
1562804 31
751135 87
96358 94
1217963 92
1861309 50
169662 49
189973 7
137508 67
767478 89
1264194 46
1549491 86
1483580 28
792834 70
755460 35
133185 69
460895 87
898426 55
800431 66
51610 60
797031 98
312293 79
575490 92
81781 99
1299327 39
1297042 81
1705692 97
653877 58
1584241 71
1438310 92
1440640 67
940299 8
1502019 10
1011568 56
144758 87
140933 68
865737 32
1727456 12
1807728 23
1349534 78
371615 38
1870255 2
1068693 8
1762665 1
1455001 66
1050006 58
1965852 80
1026913 63
378536 34
683042 78
1135260 20
697490 76
865226 3
370821 69
1157369 14
435199 3
1680494 38
1019760 0
1460551 89
750611 43
815863 7
169357 5
928040 17
1712390 72
1166144 75
588541 16
1689310 31
464749 1
1948100 60
1961561 1
709160 47
1057001 11
1112411 42
1899552 42
336416 20
947764 11
1247781 5
1131294 44
21551 87
847611 91
1767694 14
67619 77
1232975 77
51000 86
1912214 81
863522 72
1316269 97
55050 16
1123645 22
449294 63
1028331 50
131134 4
737078 67
165002 30
1067523 76
1901816 25
884950 37
622786 97
1779743 54
1769794 49
26448 25
1310720 44
934110 6
850532 11
1189047 43
31709 82
476882 46
842825 90
263258 28
871958 70
31298 61
1017442 54
277112 51
1886697 55
1091175 98
1198523 16
45394 61
660867 56
1947583 0
93884 13
1653540 57
1433565 50
1802153 80
986443 72
1783821 34
1438753 8
748632 72
189633 11
1423967 84
96096 46
1547622 90
1996397 39
1312886 91
1481662 69
1410058 47
1223578 0
748153 89
1223393 27
1738928 46
1089743 30
1937459 13
460601 41
1090187 46
1219254 41
1005413 33
396282 33
378830 22
1749230 42
637878 10
1543394 73
1609903 28
1285175 4
230826 71
326038 16
1177178 54
102439 90
524226 11
852404 23
973691 40
688753 64
555443 47
1113455 16
1975687 4
552412 80
716241 30
967246 21
1086177 3
339573 79
1110164 31
1172692 98
277013 20
1096229 89
250347 49
610242 95
1507629 77
58662 39
240433 25
1035314 16
950260 95
1305739 58
1652207 1
298793 16
487065 79
1806424 78
1637982 65
961786 65
101517 46
424144 66
959036 88
1666695 27
397199 29
1612291 26
680162 3
1681219 70
1823932 85
1543106 31
1350605 81
1710201 61
1589018 43
293369 72
398181 30
624066 34
1746292 60
692252 84
1634629 93
267823 87
483453 65
828074 63
37842 21
1893769 20
649486 16
977006 1
890588 97
1352500 2
1756794 22
416891 59
828572 88
193044 77
1964359 66
1109147 84
1054787 6
587393 53
842567 47
1745057 15
283127 56
707877 9
885991 51
1332696 93
1675372 81
1688539 49
1005864 41
452615 42
725366 2
303842 32
742166 49
1061690 71
1119170 43
187516 56
590011 6
892107 86
1836441 14
1545804 95
1732697 4
1407322 30
280399 13
1563533 43
728942 17
441017 62
1792585 72
14456 80
1011397 11
1595761 18
917957 39
1964391 70
1367460 20
184286 96
1000504 63
1916825 50
1359697 49
556824 4
119040 92
1797920 21
229373 25
331422 11
1580600 89
482005 95
1396570 19
80508 78
833001 11
180329 85
440535 50
1289563 70
1049330 22
1328100 79
912986 94
621364 99
1071307 37
304434 22
577647 11
41254 77
1470869 14
239361 0
1434555 94
1906704 45
1799696 18
914975 28
1655605 25
1511038 32
1686247 45
1102363 66
1981415 0
760324 68
453872 26
311620 64
202444 11
882329 87
1067593 96
1159522 20
315897 36
1352850 74
1567234 86
1398067 43
1639985 75
424251 25
50339 32
263954 86
1780249 62
224585 97
1961545 70
973391 59
390164 18
1580307 54
1124283 28
920851 73
1646226 92
1608779 11
1378967 44
447088 40
149721 13
1989166 70
1190399 19
647264 3
28161 97
354402 53
1897587 92
515414 51
718915 57
1175281 8
990003 89
1582650 28
460222 61
232992 17
1331545 69
882395 49
52695 16
1472536 93
1494924 3
327727 26
789738 26
1389704 37
1317105 45
1573761 62
1774935 31
352975 77
1952193 35
1250013 86
303276 70
1721672 29
1153966 46
419140 39
474492 45
698571 8
1819255 81
1987861 88
418843 44
976381 16
568917 2
1445171 24
1315283 6
578553 85
1764775 2
1148856 20
894031 33
771713 56
249723 78
1220705 29
1410756 88
92460 16
943979 49
1479148 15
219298 20
1743431 83
17762 90
894617 99
457292 14
200164 49
718776 9
903061 57
1368992 0
120261 1
291532 59
183265 69
1047899 13
676381 42
156671 13
461345 83
1985944 71
102756 8
1240501 49
1259082 71
